spawns:
  default:
    world: c94f6ae7-b36f-4c94-a71e-e2df906b26f1
    x: -250.5
    y: 69.0
    z: 233.5
    yaw: 143.40005493164062
    pitch: -0.15000833570957184
  -251 71 233:
    world: c94f6ae7-b36f-4c94-a71e-e2df906b26f1
    x: -250.67104950869214
    y: 70.0
    z: 234.98264555912615
    yaw: -1.4456056356430054
    pitch: 17.286968231201172
