world: c94f6ae7-b36f-4c94-a71e-e2df906b26f1
x: -258.22011506427475
y: 70.0
z: 218.5365197552755
yaw: 93.00048828125
pitch: 80.10008239746094
name: podatek
lastowner: 55a4740f-d0da-4fb4-9eef-8f7bbbb3f9cf
