world: c94f6ae7-b36f-4c94-a71e-e2df906b26f1
x: -267.005032716418
y: 45.0
z: 213.99111537457873
yaw: -0.14988352358341217
pitch: 1.500065803527832
name: regulamin_serwera
lastowner: 55a4740f-d0da-4fb4-9eef-8f7bbbb3f9cf
